LISTA DE VALORES ORDENADOS: 
0 0 0 1 2 4 9 9 9 10 11 12 13 13 17 17 18 21 23 24 
24 24 25 25 27 28 29 31 33 33 34 35 38 40 40 41 42 43 43 46 
46 46 47 47 48 48 48 48 50 53 53 53 57 58 58 60 64 64 64 69 
70 71 72 74 75 75 75 76 76 77 77 78 79 79 81 82 84 84 85 85 
86 86 87 87 89 89 92 94 94 95 95 95 95 97 97 98 98 98 99 99 

TEMPO: 0.000180
LISTA DE VALORES ORDENADOS: 
1 2 2 5 7 8 9 9 10 10 11 12 13 14 15 15 15 16 16 18 
19 19 19 21 21 22 22 22 22 23 24 27 28 29 29 29 29 31 36 36 
36 37 37 38 39 41 41 43 44 45 45 47 48 51 52 52 55 57 59 60 
60 62 65 66 66 70 70 72 72 73 73 76 76 77 77 77 80 81 82 84 
85 86 86 87 87 88 88 89 90 90 90 90 92 93 93 93 94 96 96 97 

TEMPO: 0.000152
LISTA DE VALORES ORDENADOS: 
3 3 5 7 8 10 10 11 11 11 13 13 14 14 15 15 15 15 15 16 
16 16 17 19 21 22 22 23 25 26 27 27 27 28 29 29 30 36 36 39 
42 42 43 44 46 47 47 50 53 53 54 56 59 59 59 60 60 61 62 62 
62 64 65 66 66 66 67 68 68 68 69 71 71 71 74 75 76 76 79 79 
79 80 81 81 85 90 92 92 92 94 95 96 96 96 97 97 98 99 99 99 

TEMPO: 0.000206
LISTA DE VALORES ORDENADOS: 
0 1 2 3 5 5 5 6 6 7 7 8 10 12 14 17 17 20 20 21 
22 24 26 27 27 28 29 29 30 37 39 39 43 44 44 46 46 46 47 47 
48 49 49 51 53 53 54 54 55 56 56 56 57 60 60 60 61 63 64 65 
65 67 69 70 70 71 71 72 72 74 74 74 75 76 76 77 77 78 79 80 
82 82 83 84 84 85 85 86 86 87 89 89 89 89 90 91 96 97 98 98 

TEMPO: 0.000200
