LISTA DE VALORES ORDENADOS: 
1 7 7 7 8 8 9 9 10 11 11 13 13 14 14 14 15 15 15 17 
17 18 20 20 22 23 24 26 27 28 29 32 33 33 33 35 35 37 37 38 
38 39 40 41 42 42 42 44 45 47 47 48 49 50 51 54 55 56 56 58 
59 59 59 60 60 62 63 63 63 64 64 65 67 68 68 69 70 72 72 74 
74 75 77 79 79 80 81 83 84 84 85 85 87 87 87 91 93 95 96 98 

TEMPO: 0.000000
LISTA DE VALORES ORDENADOS: 
0 1 1 1 3 5 7 8 9 10 11 12 14 14 14 15 16 17 17 17 
17 18 18 18 18 21 21 22 23 24 24 24 25 27 27 27 28 28 30 30 
30 31 31 32 35 37 41 42 42 43 44 45 45 48 48 48 49 49 51 51 
52 54 60 62 63 63 63 65 65 68 68 69 70 71 72 72 74 74 77 78 
79 79 79 80 81 81 83 83 83 86 87 90 91 92 95 96 97 97 97 99 

TEMPO: 0.000000
LISTA DE VALORES ORDENADOS: 
8 8 9 10 11 15 16 16 17 17 18 18 19 20 20 21 24 24 28 28 
29 30 31 32 35 36 37 37 38 38 39 39 42 43 45 45 46 47 47 47 
48 48 48 49 49 49 49 50 50 50 50 52 53 53 57 57 57 57 58 59 
59 59 60 60 61 62 65 65 66 67 68 68 70 70 71 74 76 77 80 80 
83 84 84 86 86 88 88 89 89 90 92 94 95 95 97 97 98 98 98 99 

TEMPO: 0.000000
LISTA DE VALORES ORDENADOS: 
0 4 4 5 5 5 6 7 8 10 10 11 12 17 17 17 20 21 22 23 
23 25 26 26 26 27 31 32 36 36 36 36 36 36 37 39 39 40 40 42 
44 45 46 46 47 49 50 50 50 51 52 53 53 53 54 55 55 56 59 60 
60 60 60 62 62 63 64 66 67 71 72 73 73 74 76 76 76 77 78 81 
81 82 82 84 87 88 88 88 88 89 92 92 93 95 97 97 97 98 99 99 

TEMPO: 0.001000
