LISTA DE VALORES ORDENADOS: 
0 0 1 3 4 5 5 9 9 9 10 13 13 16 16 19 19 20 21 24 
25 27 28 28 28 29 29 29 30 30 30 30 32 32 33 35 35 36 36 37 
38 38 39 42 42 42 43 43 44 47 47 49 49 50 52 54 54 54 56 57 
58 58 59 59 63 64 65 65 67 69 70 71 72 73 73 78 80 80 81 82 
82 83 83 85 86 86 86 89 90 91 93 95 95 96 96 98 99 100 101 102 
103 103 104 104 106 107 107 107 109 110 112 113 114 114 115 115 116 116 118 119 
119 120 121 121 122 127 129 129 130 130 130 131 131 135 137 140 140 140 142 143 
144 145 146 146 146 146 148 149 151 151 152 152 152 152 153 155 158 159 159 160 
160 160 163 165 166 166 170 170 172 174 175 175 177 178 179 180 181 182 184 185 
186 186 188 188 190 192 193 193 194 194 194 196 197 197 200 202 206 207 209 209 
211 212 214 215 215 215 216 217 219 223 224 224 224 225 228 228 229 229 230 231 
231 231 233 234 235 235 236 236 237 239 239 241 241 242 242 242 244 246 247 248 
249 249 249 252 253 253 253 254 255 255 255 255 256 257 257 259 261 263 266 266 
269 270 270 272 272 273 273 275 276 277 278 278 279 280 280 281 282 283 283 284 
286 286 289 290 292 293 295 295 297 298 298 298 299 299 299 299 300 301 303 303 
306 307 308 308 309 310 310 311 311 313 313 314 317 320 322 324 324 324 324 326 
327 328 330 332 332 333 335 336 338 339 341 342 342 342 343 343 344 344 346 347 
348 349 349 349 349 351 352 352 352 353 354 355 356 356 356 356 358 358 359 359 
360 361 362 363 363 364 364 364 366 368 368 368 369 372 372 373 373 376 380 380 
380 380 381 381 381 382 382 382 383 385 385 386 387 388 388 389 390 391 393 394 
394 394 395 395 398 398 399 400 400 401 402 403 404 405 407 408 408 410 410 410 
411 412 412 413 413 414 416 418 419 419 421 423 424 425 426 426 427 427 429 429 
430 431 432 432 433 433 434 435 436 439 440 442 442 442 443 444 447 448 450 450 
453 453 454 456 457 458 458 458 460 460 460 465 465 466 467 468 468 468 469 469 
469 470 471 472 472 474 477 477 479 479 480 485 485 485 486 486 486 489 490 490 
491 491 493 496 497 498 498 498 499 500 500 502 503 503 504 504 505 505 507 507 
508 509 510 512 516 516 517 521 523 523 523 524 524 525 526 527 527 527 528 529 
530 531 533 534 534 535 535 536 536 536 541 542 544 545 546 547 548 551 553 555 
555 556 558 558 558 559 559 560 560 562 562 562 563 563 564 565 565 566 567 567 
568 569 571 571 571 572 573 573 575 575 577 580 581 582 582 585 586 587 592 593 
593 594 594 595 597 597 598 599 600 601 602 605 605 605 606 609 609 613 616 619 
619 621 623 624 626 628 628 629 629 629 631 633 634 635 635 636 637 637 637 638 
640 640 642 642 644 644 645 650 651 651 653 654 655 656 658 659 660 660 661 661 
661 662 662 665 665 666 668 669 669 670 670 671 672 672 674 676 678 680 681 681 
683 684 685 685 685 686 686 689 693 694 695 695 697 698 698 698 698 699 701 701 
702 702 703 706 706 707 708 708 710 711 712 714 714 714 716 718 718 722 724 725 
727 727 727 729 729 732 734 734 735 735 735 736 737 738 739 739 740 740 740 741 
742 744 747 748 750 751 751 752 752 753 756 758 759 760 760 761 763 764 765 766 
767 767 768 771 772 774 774 774 775 775 776 778 778 779 779 780 780 782 783 784 
784 785 787 788 789 791 791 793 795 795 797 797 799 799 800 800 801 801 802 803 
804 805 805 807 807 808 809 809 811 812 813 813 814 815 815 816 817 817 817 821 
822 822 824 824 825 825 826 828 829 830 830 832 832 832 833 836 836 836 838 839 
840 841 841 842 843 843 846 847 847 848 848 849 849 849 853 853 853 853 853 854 
856 858 858 859 860 862 863 864 865 865 865 866 866 866 867 867 867 869 870 870 
871 872 872 873 874 874 875 875 877 880 880 881 881 883 884 886 888 888 888 889 
890 891 891 892 892 892 895 896 897 897 898 898 899 899 899 900 905 905 905 905 
906 907 907 909 910 910 913 914 914 915 915 916 917 917 923 925 927 928 928 930 
931 931 932 932 935 936 939 940 940 943 949 950 950 951 952 952 955 957 958 958 
959 959 959 961 961 962 962 963 964 965 965 968 968 970 970 970 972 972 972 972 
975 976 976 978 980 984 984 985 987 988 990 990 992 994 996 998 998 998 999 999 

TEMPO: 0.004700
LISTA DE VALORES ORDENADOS: 
0 0 1 2 3 3 3 3 3 3 4 5 5 7 8 11 12 13 16 16 
18 18 19 19 20 20 20 20 23 23 23 24 24 24 25 27 27 28 29 30 
31 32 32 32 33 33 37 38 38 40 41 42 44 44 45 45 45 46 47 47 
49 49 49 50 50 56 58 58 58 58 58 59 59 60 61 61 62 64 67 70 
70 71 71 72 73 73 74 75 77 80 80 80 82 83 84 84 84 85 85 85 
85 86 88 91 93 94 95 96 97 97 100 100 101 103 104 105 107 109 110 112 
113 113 115 118 118 119 119 120 124 124 124 124 125 125 128 128 132 133 135 135 
135 137 137 137 139 141 141 142 143 143 144 144 144 145 145 147 147 154 156 157 
159 160 161 161 161 162 164 166 166 166 167 167 170 171 173 175 180 180 181 183 
186 187 187 188 188 189 191 191 191 194 196 197 197 199 201 201 202 202 202 203 
203 204 205 207 208 209 210 211 212 214 215 218 218 219 220 220 220 221 222 223 
227 229 229 231 233 235 235 236 236 237 238 239 241 241 244 244 245 246 248 249 
250 250 252 254 254 255 256 258 258 258 260 260 262 262 262 263 264 265 266 269 
269 271 272 272 273 275 275 275 276 276 277 277 278 279 280 282 282 282 282 284 
284 285 286 286 288 289 290 293 294 295 298 299 300 301 302 302 302 304 306 306 
307 308 310 311 315 317 317 321 322 322 322 322 323 323 325 325 328 329 331 331 
333 333 336 337 337 338 340 341 341 343 344 346 347 348 348 350 351 352 352 353 
354 354 354 354 357 358 359 360 361 362 363 363 365 367 367 368 368 370 371 371 
372 374 376 377 379 379 379 381 381 381 381 381 382 383 384 386 386 387 388 390 
392 393 393 394 394 399 399 401 403 403 403 404 405 405 406 406 409 410 410 412 
412 413 415 416 416 419 420 420 420 421 421 421 422 423 424 424 424 428 429 429 
430 431 431 432 432 434 434 434 436 436 437 440 440 442 442 444 445 446 447 450 
450 453 453 454 455 457 457 461 461 463 464 466 466 467 469 471 472 472 472 472 
472 474 475 476 476 478 478 480 482 484 485 486 487 488 488 489 489 489 493 496 
496 497 498 498 499 501 501 503 505 506 510 510 511 515 515 516 517 518 518 520 
521 522 523 524 524 524 524 524 525 525 525 526 531 532 533 533 533 534 534 536 
536 536 537 539 540 542 542 543 546 546 547 548 549 550 551 552 553 556 556 556 
557 558 560 562 563 564 564 567 569 570 571 572 572 573 573 574 574 574 575 576 
577 579 579 579 581 583 583 586 592 592 592 593 593 594 594 595 595 597 599 600 
604 605 606 607 609 609 609 611 614 614 614 615 616 616 617 617 618 619 621 624 
624 626 627 627 628 633 633 633 633 633 634 635 636 637 638 638 638 638 639 639 
639 640 641 641 641 642 642 642 642 645 646 650 654 655 655 655 656 657 661 661 
661 662 663 663 666 668 669 670 670 671 672 673 674 675 677 678 678 679 681 684 
684 685 685 686 686 687 687 688 689 690 690 691 691 695 695 695 696 699 701 702 
704 704 704 705 705 707 707 708 708 709 710 710 710 711 711 711 711 713 713 713 
716 716 717 717 718 719 720 723 724 725 725 729 729 730 731 732 734 735 736 740 
741 742 744 744 745 745 746 749 749 749 749 750 751 751 753 754 754 755 757 757 
757 759 759 760 760 763 764 764 765 767 768 771 772 772 772 773 773 774 776 777 
778 779 779 779 779 779 779 780 782 786 786 787 789 790 790 790 790 792 793 793 
793 797 798 798 800 801 801 801 802 803 803 804 804 806 807 807 809 811 812 813 
815 816 818 818 818 818 819 819 819 820 821 824 825 825 825 828 828 829 829 831 
832 832 833 835 837 839 839 839 840 840 845 847 849 849 849 850 850 850 851 852 
852 853 854 854 855 856 856 856 858 859 860 861 866 867 867 867 868 870 870 872 
873 874 874 876 876 877 879 879 879 879 880 880 880 883 884 884 884 884 890 891 
892 892 894 895 898 898 899 900 900 901 902 903 904 904 906 906 907 908 909 911 
911 912 913 913 913 914 915 917 917 917 918 919 919 920 920 922 922 922 923 923 
923 924 925 926 927 927 927 928 931 931 932 933 933 934 934 934 936 936 937 938 
938 940 940 940 941 942 944 945 945 945 946 948 948 950 952 953 953 954 954 958 
960 960 960 966 967 969 970 970 970 972 973 974 975 976 976 977 977 978 978 980 
982 982 983 987 988 988 988 989 990 990 990 991 993 995 995 996 996 997 999 999 

TEMPO: 0.000374
LISTA DE VALORES ORDENADOS: 
0 0 1 3 4 4 4 5 7 7 7 9 9 9 10 10 10 11 13 16 
18 19 19 20 20 22 22 23 24 24 27 33 33 33 34 35 35 35 36 37 
39 40 40 42 44 45 47 47 48 48 51 53 55 55 58 60 60 61 67 67 
68 69 71 71 71 72 73 74 74 74 75 75 77 77 79 81 82 82 82 83 
83 84 85 85 86 86 86 87 89 90 90 91 92 96 98 102 103 105 105 108 
108 109 111 111 112 112 113 117 117 118 118 119 119 119 119 120 121 122 124 124 
125 125 126 127 127 127 128 128 129 130 133 133 133 134 135 135 135 136 137 138 
139 141 142 144 144 144 145 146 149 150 150 151 153 155 155 157 157 158 160 161 
161 163 164 164 165 167 168 170 172 172 172 174 175 176 176 177 177 181 182 187 
188 188 189 190 194 194 195 195 196 197 197 197 198 200 201 202 202 203 205 206 
209 210 214 214 215 216 217 219 221 222 226 227 230 231 233 233 234 235 235 236 
239 239 240 240 241 241 241 242 245 247 247 248 249 250 251 252 252 253 253 255 
256 256 257 257 257 261 261 263 263 263 266 266 267 268 268 269 270 270 272 272 
274 274 278 279 279 281 282 282 283 285 285 286 287 287 291 291 293 293 294 295 
295 296 297 298 300 301 303 303 304 306 307 307 308 310 311 315 315 317 318 321 
322 322 322 322 323 323 323 324 324 325 326 328 328 330 332 332 332 333 333 335 
336 339 339 341 341 342 342 343 343 348 348 349 349 349 350 352 353 354 355 357 
357 357 358 358 358 358 359 359 360 361 361 361 362 363 363 363 364 364 364 365 
367 368 369 370 370 371 372 372 373 373 375 377 380 380 380 381 382 382 383 385 
388 388 390 391 392 392 392 396 397 397 398 398 398 400 400 401 402 404 405 405 
405 407 407 408 409 412 413 414 415 416 416 417 419 421 421 423 426 427 427 428 
430 430 431 433 433 433 436 437 437 437 439 439 439 440 440 440 441 441 442 444 
445 445 446 447 447 447 448 449 449 451 451 452 452 452 453 453 454 457 457 458 
458 459 460 460 461 463 464 465 467 468 469 469 469 469 469 470 471 471 471 471 
472 472 474 475 475 476 477 477 478 480 480 481 483 483 483 483 483 483 484 485 
486 486 487 488 488 490 490 491 494 494 497 498 500 502 503 503 504 505 506 508 
511 512 518 518 518 519 519 520 521 521 524 524 525 525 526 528 528 530 530 531 
531 531 532 533 533 534 535 535 539 540 540 541 541 541 543 545 546 546 547 547 
548 549 550 550 552 552 553 554 554 554 556 557 557 557 558 559 561 561 563 564 
567 567 571 572 573 573 574 574 576 576 577 578 579 580 580 582 582 582 585 585 
587 587 589 589 589 590 590 590 591 594 594 594 594 597 599 600 601 603 603 604 
608 608 608 609 611 611 612 617 617 617 618 621 621 622 622 623 623 624 625 627 
627 629 631 631 633 635 635 635 636 639 640 640 645 646 649 650 654 655 656 657 
657 658 660 660 660 661 661 663 664 664 666 667 669 670 670 670 672 672 673 676 
676 677 680 680 682 682 683 686 687 688 688 689 689 689 689 691 691 692 692 693 
693 694 695 696 697 697 698 699 700 702 702 702 702 704 705 707 708 708 709 711 
711 712 713 714 714 718 720 723 723 723 724 724 725 727 728 728 729 730 731 732 
733 734 734 734 736 736 737 737 738 740 741 745 745 746 746 746 747 748 749 750 
750 752 752 752 752 754 757 760 760 762 763 763 763 764 764 765 765 770 771 772 
773 774 774 775 776 776 777 777 779 779 780 780 784 785 787 788 788 793 793 793 
794 794 794 797 797 798 799 799 799 800 800 801 802 803 804 804 806 808 808 810 
811 812 812 813 814 814 815 816 817 818 820 822 822 823 824 825 826 826 828 830 
830 831 833 833 834 834 835 836 836 836 840 840 840 843 844 845 846 848 850 850 
851 852 852 855 858 859 861 862 865 866 867 868 869 871 871 872 872 872 872 872 
875 876 877 877 878 879 879 879 882 887 887 889 889 890 893 895 896 896 897 898 
898 898 899 901 901 902 902 903 903 903 904 905 905 908 910 913 914 915 916 917 
917 918 919 919 919 920 922 924 926 927 928 928 929 929 929 931 932 934 935 938 
938 939 939 939 942 943 945 950 951 951 952 952 952 953 954 954 955 955 956 958 
959 959 960 961 961 962 963 963 964 965 967 969 970 971 971 971 974 976 977 978 
979 980 980 981 981 981 981 983 983 984 986 986 987 991 991 991 993 994 996 998 

TEMPO: 0.000203
LISTA DE VALORES ORDENADOS: 
0 0 1 1 2 2 3 3 4 4 5 6 6 7 8 8 10 10 11 12 
12 13 14 16 16 16 17 19 19 19 21 22 25 29 29 29 29 30 31 31 
31 32 33 36 37 37 40 40 41 45 46 46 47 47 47 48 48 48 49 51 
53 53 54 54 56 56 57 57 58 59 59 61 61 63 65 65 69 70 71 72 
74 80 80 80 81 82 83 83 84 84 85 85 85 87 87 90 95 97 98 98 
98 102 103 104 106 107 109 111 111 111 112 114 115 115 116 118 120 121 121 122 
122 126 127 127 129 130 130 130 132 132 132 133 133 133 134 135 136 137 137 139 
139 140 140 144 148 148 149 149 150 150 151 153 154 154 155 156 156 156 157 158 
158 159 160 161 162 162 162 163 163 164 165 165 166 167 168 168 169 169 170 170 
170 172 174 175 175 175 177 178 178 178 181 183 185 185 186 186 187 187 187 187 
188 188 191 192 193 195 196 199 199 200 200 201 201 206 207 207 210 212 212 212 
213 214 214 217 219 219 220 220 220 220 222 225 225 225 225 226 227 228 228 229 
231 233 234 234 236 242 242 242 243 243 246 248 248 249 251 252 252 254 255 256 
256 258 261 262 263 264 266 269 269 271 271 273 275 275 276 278 281 281 282 287 
287 289 290 292 294 295 297 298 298 299 301 301 302 302 303 305 305 305 305 308 
309 309 310 310 312 312 312 314 315 316 319 321 322 323 323 324 326 326 328 329 
330 331 334 334 337 338 339 339 339 340 342 344 344 346 348 350 351 351 352 353 
355 355 355 356 356 357 357 361 362 363 364 366 366 367 370 370 371 372 372 375 
375 375 378 379 379 380 382 382 382 384 384 385 385 385 386 387 387 387 387 390 
394 394 396 399 401 401 401 402 404 404 404 404 405 406 408 409 411 411 411 411 
411 413 413 414 414 415 415 416 416 416 416 419 419 421 422 423 423 425 426 428 
428 429 429 430 431 431 432 433 433 433 434 435 436 437 437 438 438 439 441 445 
446 446 449 456 457 459 459 464 464 465 465 465 466 466 466 467 469 471 471 471 
471 474 477 479 480 483 483 483 484 484 485 485 486 487 488 489 492 493 493 494 
496 498 498 498 500 501 502 502 503 503 504 505 506 507 507 507 508 509 511 511 
511 512 512 512 513 513 514 515 516 517 517 517 518 518 519 521 523 524 524 526 
527 529 530 531 531 532 532 533 534 534 535 537 540 541 543 545 547 551 552 553 
554 556 556 557 559 559 559 561 561 563 564 565 566 566 567 568 573 574 575 575 
575 575 577 578 580 581 581 581 583 584 585 587 587 589 590 591 593 595 598 598 
601 602 602 605 606 606 609 610 611 612 613 613 615 617 619 619 620 622 624 624 
625 626 627 629 629 630 630 630 630 632 632 632 634 636 636 636 637 637 638 641 
642 642 644 644 645 646 647 647 647 649 649 651 655 655 656 657 657 658 658 659 
660 660 661 662 663 663 665 666 668 669 669 669 670 672 673 674 681 684 685 686 
688 688 688 689 689 690 690 691 692 694 694 694 695 695 698 699 699 700 701 701 
703 704 705 707 709 709 710 710 715 716 717 717 718 719 720 721 722 722 723 724 
725 725 726 727 729 729 730 730 731 731 732 732 733 734 734 736 736 738 739 740 
742 742 743 743 745 745 746 746 746 747 748 748 749 749 751 751 751 753 753 755 
756 756 756 756 756 757 758 761 763 764 764 764 765 765 765 768 770 773 775 777 
779 780 781 781 782 782 783 783 784 784 786 786 788 790 791 792 793 795 795 796 
796 798 798 802 803 803 804 805 807 807 809 809 811 811 811 813 813 813 817 817 
817 818 819 819 819 820 822 822 823 824 825 826 826 827 832 834 834 834 838 839 
840 840 841 843 844 844 844 844 846 846 846 847 847 848 849 851 851 851 853 853 
854 855 856 858 859 860 861 861 862 863 864 865 865 866 867 868 868 868 868 870 
870 873 874 875 876 878 878 878 879 880 880 882 882 884 884 886 888 889 890 891 
891 891 891 892 892 895 895 896 896 896 896 898 900 904 905 906 906 907 907 908 
908 909 909 910 910 910 911 914 914 915 915 916 916 917 918 919 922 923 923 924 
925 925 926 929 931 931 932 933 934 934 935 935 939 939 940 941 941 941 942 942 
942 942 946 948 950 950 952 953 955 956 958 958 959 960 961 961 961 962 962 962 
962 963 963 964 964 965 966 967 968 968 968 969 969 970 971 971 972 973 975 976 
976 980 983 986 987 987 987 988 988 989 989 990 990 991 992 994 994 995 997 997 

TEMPO: 0.000195
